Camera Matrix

[[2.25050982e+03 0.00000000e+00 5.28520804e+02]
 [0.00000000e+00 2.25522665e+03 1.34237640e+03]
 [0.00000000e+00 0.00000000e+00 1.00000000e+00]]

Distortion Coefficient

[[-0.17053471  0.27091321 -0.00118518  0.01930804 -0.19681913]]

Rotation Vectors

(array([[ 0.06449422],
       [ 0.0058409 ],
       [-0.01532923]]), array([[-0.50038309],
       [-0.13713565],
       [ 3.01814936]]), array([[-0.03357544],
       [-0.08108108],
       [ 3.02887134]]), array([[ 0.91608594],
       [-0.26094266],
       [ 2.80396704]]), array([[-0.01484739],
       [-0.00697926],
       [ 2.88363966]]), array([[ 0.7777    ],
       [-0.25459815],
       [ 2.82910527]]), array([[ 0.38280166],
       [-0.12007758],
       [-3.08063847]]), array([[ 1.08835091],
       [-0.13697723],
       [ 2.52220836]]), array([[ 0.00439042],
       [-0.05161658],
       [-3.13416905]]), array([[ 1.0215966 ],
       [-0.01392899],
       [-2.8656791 ]]), array([[-0.39089585],
       [-0.08181633],
       [ 3.0974436 ]]), array([[ 0.12547748],
       [-0.09017697],
       [-0.02813699]]), array([[-0.06845676],
       [ 0.59082088],
       [-3.09130035]]), array([[-0.0548218 ],
       [ 0.02715574],
       [-0.72068965]]), array([[0.37052688],
       [0.5668297 ],
       [0.03873054]]), array([[ 0.32700311],
       [ 0.28153898],
       [-0.05190202]]), array([[ 0.06283383],
       [-0.41424742],
       [ 0.05812934]]), array([[-0.89074613],
       [-0.08818843],
       [-2.78798353]]))

Translation Vectors

(array([[-0.70158197],
       [-4.00601606],
       [11.50863549]]), array([[ 5.55487136],
       [ 4.09954869],
       [10.57245757]]), array([[ 5.18588142],
       [ 3.0317095 ],
       [11.62982784]]), array([[ 4.08762864],
       [ 3.56598338],
       [10.71763917]]), array([[ 5.68265911],
       [ 2.29764057],
       [11.91103316]]), array([[ 4.42604457],
       [ 3.71332456],
       [10.22857996]]), array([[ 4.62516005],
       [ 4.37183627],
       [10.50215188]]), array([[ 4.27938453],
       [ 2.56607033],
       [10.24929765]]), array([[ 4.22496388],
       [ 2.92702   ],
       [11.44384825]]), array([[ 3.08603504],
       [ 5.42911718],
       [12.67435638]]), array([[5.33873454],
       [4.6667785 ],
       [9.33394494]]), array([[ 0.06015976],
       [-3.72716943],
       [10.26200095]]), array([[ 4.23707601],
       [ 2.94816579],
       [14.38588585]]), array([[-0.73311062],
       [-2.7273533 ],
       [13.64007141]]), array([[-1.50610729],
       [-4.51185322],
       [11.69907177]]), array([[-1.06065539],
       [-4.35739145],
       [11.5342091 ]]), array([[ 0.24827501],
       [-5.23924792],
       [11.76926064]]), array([[ 2.03701406],
       [ 3.12127836],
       [11.23801383]]))
