Camera Matrix

[[2.12166667e+03 0.00000000e+00 1.16384676e+03]
 [0.00000000e+00 2.13440471e+03 1.21354596e+03]
 [0.00000000e+00 0.00000000e+00 1.00000000e+00]]

Distortion Coefficient

[[-0.07277842  0.2179626  -0.00259019  0.00434241 -0.33380206]]

Rotation Vectors

(array([[-0.14991447],
       [-0.03457637],
       [ 0.16646774]]), array([[-0.02910535],
       [-0.12427155],
       [ 0.03773235]]), array([[-0.17933674],
       [-0.2841506 ],
       [ 0.22679353]]), array([[-0.14209014],
       [-0.74561463],
       [ 0.26147639]]), array([[ 0.03854434],
       [ 0.28182165],
       [-0.04946334]]), array([[ 0.10365621],
       [ 0.03629456],
       [-0.04602514]]), array([[ 0.09530229],
       [-0.16325504],
       [ 0.10571905]]), array([[ 0.02541837],
       [ 0.19243002],
       [-0.04059999]]), array([[ 3.59017970e-04],
       [ 4.25584663e-01],
       [-1.46434245e-01]]))

Translation Vectors

(array([[-2.47044244],
       [-5.27254922],
       [12.75864074]]), array([[-3.98148135],
       [-4.87147416],
       [11.32146614]]), array([[-2.75483046],
       [-5.19759414],
       [12.85073926]]), array([[-3.07401599],
       [-4.86773743],
       [12.76669128]]), array([[-5.7865068 ],
       [-4.59704589],
       [13.29266176]]), array([[-3.33326616],
       [-2.95910421],
       [ 9.14436971]]), array([[-1.97010087],
       [-2.89769024],
       [ 8.31423289]]), array([[-4.53574234],
       [-4.05833887],
       [11.84989998]]), array([[-5.28094502],
       [-2.67486736],
       [11.79248318]]))
